THRESHOLD
 0.10000D-10
CUTOFF
 0.10000D-13
Basis Set
O  .MOLPRO. / INLINE
       8.0  2
   10    3
              5484.671700000000,              825.234950000000,              188.046960000000,               52.964500000000,               16.897570000000,                5.799635300000,
                15.539616000000,                3.599933600000,                1.013761800000,                0.270005820000,
    0.00183107439620161928,   0.00000000000000000000,   0.00000000000000000000,
    0.01395017197106176304,   0.00000000000000000000,   0.00000000000000000000,
    0.06844507785801753896,   0.00000000000000000000,   0.00000000000000000000,
    0.23271433951725736811,   0.00000000000000000000,   0.00000000000000000000,
    0.47019289902463190511,   0.00000000000000000000,   0.00000000000000000000,
    0.35852084925628435741,   0.00000000000000000000,   0.00000000000000000000,
    0.00000000000000000000,  -0.11077755194399796501,   0.00000000000000000000,
    0.00000000000000000000,  -0.14802626259766302197,   0.00000000000000000000,
    0.00000000000000000000,   1.13076701984344984986,   0.00000000000000000000,
    0.00000000000000000000,   0.00000000000000000000,   1.00000000000000000000,
    4    2
                15.539616000000,                3.599933600000,                1.013761800000,                0.270005820000,
    0.07087426737187052517,   0.00000000000000000000,
    0.33975283698891034501,   0.00000000000000000000,
    0.72715857355549262664,   0.00000000000000000000,
    0.00000000000000000000,   1.00000000000000000000,
    1    1
                 0.800000000000,
    1.00000000000000000000,
  1O        -0.002010354316,      0.000000000000,     -0.001396463693,
CHARGE
          8.00000000
End of Basis
Basis Set
H  .MOLPRO. / INLINE
       1.0  1
    4    2
                18.731137000000,                2.825394400000,                0.640121690000,                0.161277760000,
    0.03349460400485944345,   0.00000000000000000000,
    0.23472695003405449898,   0.00000000000000000000,
    0.81375733011806095085,   0.00000000000000000000,
    0.00000000000000000000,   1.00000000000000000000,
    1    1
                 1.100000000000,
    1.00000000000000000000,
  2H         0.007359252140,      0.000000000000,      1.832988745646,
CHARGE
          1.00000000
End of Basis
Basis Set
H  .MOLPRO. / INLINE
       1.0  1
    4    2
                18.731137000000,                2.825394400000,                0.640121690000,                0.161277760000,
    0.03349460400485944345,   0.00000000000000000000,
    0.23472695003405449898,   0.00000000000000000000,
    0.81375733011806095085,   0.00000000000000000000,
    0.00000000000000000000,   1.00000000000000000000,
    1    1
                 1.100000000000,
    1.00000000000000000000,
  3H         1.783001914677,      0.000000000000,     -0.436970377334,
CHARGE
          1.00000000
End of Basis
End of Input
